inf
1.311640194565567526e+03
9.274696760541554568e+02
7.572758194123636031e+02
6.558200972827837631e+02
5.865833274139318974e+02
5.354748671350816949e+02
4.957533949166950151e+02
4.637348380270777284e+02
4.372133981885225467e+02
4.147770485453601168e+02
3.954743986657037453e+02
3.786379097061818015e+02
3.637835366512090332e+02
3.505505873418475744e+02
3.386640419845799670e+02
3.279100486413918816e+02
3.181194744117373148e+02
3.091565586847185045e+02
3.009108978103861318e+02
2.932916637069659487e+02
2.862233560068247016e+02
2.796426290821912630e+02
2.734958866235468804e+02
2.677374335675408474e+02
2.623280389131135166e+02
2.572338056500948369e+02
2.524252731374544965e+02
2.478766974583475076e+02
2.435654694964671876e+02
2.394716406313421260e+02
2.355775332954065675e+02
2.318674190135388642e+02
2.283272505272494470e+02
2.249444375840398607e+02
2.217076582220057617e+02
2.186066990942612733e+02
2.156323196955810886e+02
2.127761363746562608e+02
2.100305228123296217e+02
2.073885242726800584e+02
2.048437834296078961e+02
2.023904759663971049e+02
2.000232544620284898e+02
1.977371993328518727e+02
1.955277758046439658e+02
1.933907960581371697e+02
1.913223858286032737e+02
1.893189548530909008e+02
1.873771706522239242e+02
1.854939352108310970e+02
1.836663641860788232e+02
1.818917683256045166e+02
1.801676368232945720e+02
1.784916223783605460e+02
1.768615277554731620e+02
1.752752936709237872e+02
1.737309878529183891e+02
1.722267951438371369e+02
1.707610085291671851e+02
1.693320209922899835e+02
1.679383181067518933e+02
1.665784712883816496e+02
1.652511316388983289e+02
1.639550243206959408e+02
1.626889434094779290e+02
1.614517471774977935e+02
1.602423537654714494e+02
1.590597372058686574e+02
1.579029237643601391e+02
1.567709885697696848e+02
1.556630525060232628e+02
1.545782793423592523e+02
1.535158730805099481e+02
1.524750754997309343e+02
1.514551638824727036e+02
1.504554489051930659e+02
1.494752726803237692e+02
1.485140069367541571e+02
1.475710513273975835e+02
1.466458318534829743e+02
1.457377993961741822e+02
1.448464283469842826e+02
1.439712153292229857e+02
1.431116780034123508e+02
1.422673539502299036e+02
1.414377996251026843e+02
1.406225893790829105e+02
1.398213145410956315e+02
1.390335825570631130e+02
1.382590161817867056e+02
1.374972527198071077e+02
1.367479433117734402e+02
1.360107522631309962e+02
1.352853564121944032e+02
1.345714445349032076e+02
1.338687167837704237e+02
1.331768841587262955e+02
1.324956680077364695e+02
1.318247995552345913e+02
1.311640194565567583e+02
1.305130773767005792e+02
1.298717315918543704e+02
1.292397486122563635e+02
1.286169028250474184e+02
1.280029761558765529e+02
1.273977577481067129e+02
1.268010436585487923e+02
1.262126365687272482e+02
1.256323455107485927e+02
1.250599856069078584e+02
1.244953778222271978e+02
1.239383487291737538e+02
1.233887302838551250e+02
1.228463596130363129e+02
1.223110788113652490e+02
1.217827347482335938e+02
1.212611788837363491e+02
1.207462670932279849e+02
1.202378595000046460e+02
1.197358203156710630e+02
1.192400176877788738e+02
1.187503235543478297e+02
1.182666135049055072e+02
1.177887666477032838e+02
1.173166654827863766e+02
1.168501957806158487e+02
1.163892464659574415e+02
1.159337095067694321e+02
1.154834798078371563e+02
1.150384551089163097e+02
1.145985358871609492e+02
1.141636252636247235e+02
1.137336289136360108e+02
1.133084549808585706e+02
1.128880139948599890e+02
1.124722187920199303e+02
1.120609844396195030e+02
1.116542281629615019e+02
1.112518692753797609e+02
1.108538291110028808e+02
1.104600309601455450e+02
1.100704000072066577e+02
1.096848632709601787e+02
1.093033495471306367e+02
1.089257893531504209e+02
1.085521148750019336e+02
1.081822599160519331e+02
1.078161598477905443e+02
1.074537515623917869e+02
1.070949734270163276e+02
1.067397652397816898e+02
1.063880681873281304e+02
1.060398248039124383e+02
1.056949789319652098e+02
1.053534756840498261e+02
1.050152614061648109e+02
1.046802836423339613e+02
1.043484911004309055e+02
1.040198336191878496e+02
1.036942621363400292e+02
1.033717286578602454e+02
1.030521862282394920e+02
1.027355889017718340e+02
1.024218917148039480e+02
1.021110506589108837e+02
1.018030226549622057e+02
1.014977655280431748e+02
1.011952379831985525e+02
1.008953995819667426e+02
1.005982107196743272e+02
1.003036326034620345e+02
1.000116272310142449e+02
9.972215736996582791e+01
9.943518653796090234e+01
9.915067898333900587e+01
9.886859966642593633e+01
9.858891424140665549e+01
9.831158903875902411e+01
9.803659104822823167e+01
9.776388790232198289e+01
9.749344786030806631e+01
9.722523979269607253e+01
9.695923316618620902e+01
9.669539802906858483e+01
9.643370499705723375e+01
9.617412523954348558e+01
9.591663046625438938e+01
9.566119291430163685e+01
9.540778533560825281e+01
9.515638098469941042e+01
9.490695360684556192e+01
9.465947742654545038e+01
9.441392713633777589e+01
9.417027788593067328e+01
9.392850527163787433e+01
9.368858532611196210e+01
9.345049450836452820e+01
9.321420969406375434e+01
9.297970816610077804e+01
9.274696760541554852e+01
9.251596608207420047e+01
9.228668204658956142e+01
9.205909432147721816e+01
9.183318209303941160e+01
9.160892490336964045e+01
9.138630264257116664e+01
9.116529554118228873e+01
9.094588416280225829e+01
9.072804939691154402e+01
9.051177245188027598e+01
9.029703484815914294e+01
9.008381841164728598e+01
8.987210526723137605e+01
8.966187783249132792e+01
8.945311881156675327e+01
8.924581118918027300e+01
8.903993822481201903e+01
8.883548344702163035e+01
8.863243064791284098e+01
8.843076387773658098e+01
8.823046743962872540e+01
8.803152588447817095e+01
8.783392400592168769e+01
8.763764683546189360e+01
8.744267963770451502e+01
8.724900790571187770e+01
8.705661735646900468e+01
8.686549392645919454e+01
8.667562376734601060e+01
8.648699324175861136e+01
8.629958891917763708e+01
8.611339757191856847e+01
8.592840617121012770e+01
8.574460188336495037e+01
8.556197206603987127e+01
8.538050426458359254e+01
8.520018620846909130e+01
8.502100580780863481e+01
8.484295114994903031e+01
8.466601049614499175e+01
8.449017227830853471e+01
8.431542509583231038e+01
8.414175771248484637e+01
8.396915905337594666e+01
8.379761820199027511e+01
8.362712439728720426e+01
8.345766703086552241e+01
8.328923564419082481e+01
8.312181992588448054e+01
8.295540970907201483e+01
8.278999496878998343e+01
8.262556581944916445e+01
8.246211251235321527e+01
8.229962543327091851e+01
8.213809510006100822e+01
8.197751216034797039e+01
8.181786738924765245e+01
8.165915168714138872e+01
8.150135607749751898e+01
8.134447170473896449e+01
8.118848983215572446e+01
8.103340183986144041e+01
8.087919922279245100e+01
8.072587358874889674e+01
8.057341665647618356e+01
8.042182025378640731e+01
8.027107631571844593e+01
8.012117688273572469e+01
7.997211409896108592e+01
7.982388021044737059e+01
7.967646756348347026e+01
7.952986860293432869e+01
7.938407587061463744e+01
7.923908200369513111e+01
7.909487973314075759e+01
7.895146188218006955e+01
7.880882136480501288e+01
7.866695118430034483e+01
7.852584443180218443e+01
7.838549428488484239e+01
7.824589400617531965e+01
7.810703694199490599e+01
7.796891652102712555e+01
7.783152625301163141e+01
7.769485972746315383e+01
7.755891061241523232e+01
7.742367265318802083e+01
7.728913967117962613e+01
7.715530556268045359e+01
7.702216429771010553e+01
7.688970991887623541e+01
7.675793654025497403e+01
7.662683834629225998e+01
7.649640959072594626e+01
7.636664459552784479e+01
7.623753774986546716e+01
7.610908350908314901e+01
7.598127639370180475e+01
7.585411098843722755e+01
7.572758194123635178e+01
7.560168396233115118e+01
7.547641182330976051e+01
7.535176035620453661e+01
7.522772445259653296e+01
7.510429906273620304e+01
7.498147919467994882e+01
7.485925991344205954e+01
7.473763634016188462e+01
7.461660365128578576e+01
7.449615707776366946e+01
7.437629190425974457e+01
7.425700346837707855e+01
7.413828715989596674e+01
7.402013842002557453e+01
7.390255274066858249e+01
7.378552566369879173e+01
7.366905278025116388e+01
7.355312973002413912e+01
7.343775220059409037e+01
7.332291592674148717e+01
7.320861668978862724e+01
7.309485031694875090e+01
7.298161268068612628e+01
7.286889969808709111e+01
7.275670733024180947e+01
7.264503158163627461e+01
7.253386849955475668e+01
7.242321417349214130e+01
7.231306473457608774e+01
7.220341635499897848e+01
7.209426524745914833e+01
7.198560766461149285e+01
7.187743989852704374e+01
7.176975828016152548e+01
7.166255917883272275e+01
7.155583900170617540e+01
7.144959419328955619e+01
7.134382123493503514e+01
7.123851664434988606e+01
7.113367697511495180e+01
